290815
290816
290817
290818
290819
290820
290821
290822
290823
290824
290825
290826
290827
290828
290829
290830
290831
290832
290833
290834
290835
290836
290837
290838
290839
290840
290841
290842
290843
290844
290845
290846
290847
290848
290849
290850
290851
290852
290853
290854
290855
290856
290857
290858
290859
290860
290861
290862
290863
290864
290865
290866
290867
290868
290869
290870
290871
290872
290873
290874
290875
290876
290877
290878
290879
290880
290881
290882
290883
290884
290885
290886
290887
290888
290889
290890
290891
290892
290893
290894
290895
290896
290897
290898
290899
290900
290901
290902
290903
290904
290905
290906
290907
290908
290909
290910
290911
290912
290913
290914
290915
290916
290917
290918
290919
290920
290921
290922
290923
290924
290925
290926
290927
290928
290929
290930
290931
290932
290933
290934
290935
290936
290937
290938
290939
290940
290941
290942
290943
290944
290945
290946
290947
290948
290949
290950
290951
290952
290953
290954
290955
290956
290957
290958
290959
290960
290961
290962
290963
290964
290965
290966
290967
290968
290969
290970
290971
290972
290973
290974
290975
290976
290977
290978
290979
290980
290981
290982
290983
290984
290985
290986
290987
290988
290989
290990
290991
290992
290993
290994
290995
290996
290997
290998
290999
291000
291001
291002
291003
291004
291005
291006
291007
291008
291009
291010
291011
291012
291013
291014
291015
291016
291017
291018
291019
291020
291021
291022
291023
291024
291025
291026
291027
291028
291029
291030
291031
291032
291033
291034
291035
291036
291037
291038
291039
291040
291041
291042
291043
291044
291045
291046
291047
291048
291049
291050
291051
291052
291053
291054
291055
291056
291057
291058
291059
291060
291061
291062
291063
291064
291065
291066
291067
291068
291069
291070
291071
291072
291073
291074
291075
291076
291077
291078
291079
291080
291081
291082
291083
291084
291085
291086
291087
291088
291089
291090
291091
291092
291093
291094
291095
291096
291097
291098
291099
291100
291101
291102
291103
291104
291105
291106
291107
291108
291109
291110
291111
291112
291113
291114
291115
291116
291117
291118
291119
291120
291121
291122
291123
291124
291125
291126
291127
291128
291129
291130
291131
291132
291133
291134
291135
291136
291137
291138
291139
291140
291141
291142
291143
291144
291145
291146
291147
291148
291149
291150
291151
291152
291153
291154
291155
291156
291157
291158
291159
291160
291161
291162
291163
291164
291165
291166
291167
291168
291169
291170
291171
291172
291173
291174
291175
291176
291177
291178
291179
291180
291181
291182
291183
291184
291185
291186
291187
291188
291189
291190
291191
291192
291193
291194
291195
291196
291197
291198
291199
291200
291201
291202
291203
291204
291205
291206
291207
291208
291209
291210
291211
291212
291213
291214
291215
291216
291217
291218
291219
291220
291221
291222
291223
291224
291225
291226
291227
291228
291229
291230
291231
291232
291233
291234
291235
291236
291237
291238
291239
291240
291241
291242
291243
291244
291245
291246
291247
291248
291249
291250
291251
291252
291253
291254
291255
291256
291257
291258
291259
291260
291261
291262
291263
291264
291265
291266
291267
291268
291269
291270
291271
291272
291273
291274
291275
291276
291277
291278
291279
291280
291281
291282
291283
291284
291285
291286
291287
291288
291289
291290
291291
291292
291293
291294
291295
291296
291297
291298
291299
291300
291301
291302
291303
291304
291305
291306
291307
291308
291309
291310
291311
291312
291313
291314
291315
291316
291317
291318
291319
291320
291321
291322
291323
291324
291325
291326
291327
291328
291329
291330
291331
291332
291333
291334
291335
291336
291337
291338
291339
291340
291341
291342
291343
291344
291345
291346
291347
291348
291349
291350
291351
291352
291353
291354
291355
291356
291357
291358
291359
291360
291361
291362
291363
291364
291365
291366
291367
291368
291369
291370
291371
291372
291373
291374
291375
291376
291377
291378
291379
291380
291381
291382
291383
291384
291385
291386
291387
291388
291389
291390
291391
291392
291393
291394
291395
291396
291397
291398
291399
291400
291401
291402
291403
291404
291405
291406
291407
291408
291409
291410
291411
291412
291413
291414
291415
291416
291417
291418
291419
291420
291421
291422
291423
291424
291425
291426
291427
291428
291429
291430
291431
291432
291433
291434
291435
291436
291437
291438
291439
291440
291441
291442
291443
291444
291445
291446
291447
291448
291449
291450
291451
291452
291453
291454
291455
291456
291457
291458
291459
291460
291461
291462
291463
291464
291465
291466
291467
291468
291469
291470
291471
291472
291473
291474
291475
291476
291477
291478
291479
291480
291481
291482
291483
291484
291485
291486
291487
291488
291489
291490
291491
291492
291493
291494
291495
291496
291497
291498
291499
291500
291501
291502
291503
291504
291505
291506
291507
291508
291509
291510
291511
291512
291513
291514
291515
291516
291517
291518
291519
291520
291521
291522
291523
291524
291525
291526
291527
291528
291529
291530
291531
291532
291533
291534
291535
291536
291537
291538
291539
291540
291541
291542
291543
291544
291545
291546
291547
291548
291549
291550
291551
291552
291553
291554
291555
291556
291557
291558
291559
291560
291561
291562
291563
291564
291565
291566
291567
291568
291569
291570
291571
291572
291573
291574
291575
291576
291577
291578
291579
291580
291581
291582
291583
291584
291585
291586
291587
291588
291589
291590
291591
291592
291593
291594
291595
291596
291597
291598
291599
291600
291601
291602
291603
291604
291605
291606
291607
291608
291609
291610
291611
291612
291613
291614
291615
291616
291617
291618
291619
291620
291621
291622
291623
291624
291625
291626
291627
291628
291629
291630
291631
291632
291633
291634
291635
291636
291637
291638
291639
291640
291641
291642
291643
291644
291645
291646
291647
291648
291649
291650
291651
291652
291653
291654
291655
291656
291657
291658
291659
291660
291661
291662
291663
291664
291665
291666
291667
291668
291669
291670
291671
291672
291673
291674
291675
291676
291677
291678
291679
291680
291681
291682
291683
291684
291685
291686
291687
291688
291689
291690
291691
291692
291693
291694
291695
291696
291697
291698
291699
291700
291701
291702
291703
291704
291705
291706
291707
291708
291709
291710
291711
291712
291713
291714
291715
291716
291717
291718
291719
291720
291721
291722
291723
291724
291725
291726
291727
291728
291729
291730
291731
291732
291733
291734
291735
291736
291737
291738
291739
291740
291741
291742
291743
291744
291745
291746
291747
291748
291749
291750
291751
291752
291753
291754
291755
291756
291757
291758
291759
291760
291761
291762
291763
291764
291765
291766
291767
291768
291769
291770
291771
291772
291773
291774
291775
291776
291777
291778
291779
291780
291781
291782
291783
291784
291785
291786
291787
291788
291789
291790
291791
291792
291793
291794
291795
291796
291797
291798
291799
291800
291801
291802
291803
291804
291805
291806
291807
291808
291809
291810
291811
291812
291813
291814
291815
291816
291817
291818
291819
291820
291821
291822
291823
291824
291825
291826
291827
291828
291829
291830
291831
291832
291833
291834
291835
291836
291837
291838
291839
291840
291841
291842
291843
291844
291845
291846
291847
291848
291849